1
2
3
4
5
6
10
11
16
20
21
25
26
30
31
32
39
43
44
47
53
54
55
56
57
58
59
62
63
64
65
75
78
79
80
84
85
90
104
105
109
114
115
122
123
124
130
135
136
137
138
139
146
147
148
149
150
156
157
159
161
162
163
165
166
167
170
171
172
173
180
181
183
185
186
191
192
198
202
203
216
217
220
226
227
229
230
231
232
237
238
239
248
249
250
256
257
261
262
263
265
266
267
269
271
272
273
274
277
281
290
291
301
311
312
316
317
318
319
322
323
324
325
329
330
331
335
336
341
343
345
348
349
351
353
354
356
357
358
359
360
361
362
367
368
372
378
379
383
384
386
387
395
396
408
