7
8
9
12
13
14
15
18
19
22
24
27
28
33
35
36
37
38
40
41
42
45
46
48
49
50
51
52
60
61
66
67
68
70
71
72
73
74
76
77
82
83
86
87
88
89
91
92
93
94
95
96
98
101
102
103
106
107
108
110
111
112
113
116
117
118
119
120
121
125
126
127
128
129
131
132
134
140
141
142
143
144
145
151
152
154
155
175
176
177
178
179
187
188
189
190
193
194
195
196
197
199
200
204
205
207
209
210
211
212
213
214
218
219
221
222
223
224
225
233
234
235
236
240
241
242
243
244
245
246
247
251
252
253
254
255
258
259
268
270
275
276
278
279
280
282
283
284
285
287
292
293
295
296
298
299
300
302
304
305
306
307
308
309
310
313
315
320
321
326
327
328
332
334
337
338
339
340
342
344
346
347
363
364
369
370
371
373
376
377
380
381
382
388
389
390
391
392
393
394
397
398
400
401
402
403
406
407
409
410
411
412
413
415
416
418
419
423
424
