8
9
10
13
14
15
16
19
20
23
25
28
29
34
36
37
38
39
41
42
43
46
47
49
50
51
52
53
61
62
67
68
69
71
72
73
74
75
77
78
83
84
87
88
89
90
92
93
94
95
96
97
99
102
103
104
107
108
109
111
112
113
114
117
118
119
120
121
122
126
127
128
129
130
132
133
135
141
142
143
144
145
146
152
153
155
156
176
177
178
179
180
188
189
190
191
194
195
196
197
198
200
201
205
206
208
210
211
212
213
214
215
219
220
222
223
224
225
226
234
235
236
237
241
242
243
244
245
246
247
248
252
253
254
255
256
259
260
269
271
276
277
279
280
281
283
284
285
286
288
293
294
296
297
299
300
301
303
305
306
307
308
309
310
311
314
316
321
322
327
328
329
333
335
338
339
340
341
343
345
347
348
364
365
370
371
372
374
377
378
381
382
383
389
390
391
392
393
394
395
398
399
401
402
403
404
407
408
410
411
412
413
414
416
417
419
420
424
425
